                6666666666666666666666666                       6666666666666666666666666666    
                6888888888888886666666666                       6888888888888886666666666666! ! 
                6888888888888886666666666                       6888888888888886666666666666   !
                6888888888888886666666666                       6888888888888886666666666666 ! !
                6888888888888886666666666                       6888888888888886666666666666    
666666666666666668888888888888866666666666666666666666666666666668888888888888866666666666666666
688888888888888668888888888888866888888888888886688888888888888668888888888888866888888888888886
688888888888888668888888888888866888888888888886688888888888888668888888888888866888888888888886
688888888888888668888888888888866888888888888886688888888888888668888888888888866888888888888886
688888888888888666666666666666666888888888888886688888888888888666666666666666666888888888888886
688888888888888666666666666666666888888888888886688888888888888666666666666666666888888888888886
688888888888888668888888888888866888888888888886688888888888888668888888888888866888888888888886
688888888888888668888888888888866888888888888886688888888888888668888888888888866888888888888886
688888888888888668888888888888866888888888888886688888888888888668888888888888866888888888888886
666666666666666668888888888888866666666666666666666666666666666668888888888888866666666666666666
                68888888888888866666666 666666666666666666666666688888888888888666666666666     
                68888888888888866666666 688888888888888666666666688888888888888666666666666     
                68888888888888866666666 688888888888888666666666688888888888888666666666666     
                68888888888888866666666 688888888888888666666666688888888888888666666666666     
                66666666666666666666666 688888888888888666666666666666666666666666666666666     
                        66666666666666666888888888888886666666666666666666666666666 !!          
                        68888888888888866888888888888886688888888888888666666666666! !         !
                        68888888888888866888888888888886688888888888888666666666666             
                        68888888888888866888888888888886688888888888888666666666666        !    
                        68888888888888866666666666666666688888888888888666666666666          !! 
                        68888888888888866666666666666666688888888888888666666666666!       !  ! 
                        68888888888888866888888888888886688888888888888666666666666      !  !! !
                        68888888888888866888888888888886688888888888888666666666666        !    
                        68888888888888866888888888888886688888888888888666666666666         !!  
                        66666666666666666888888888888886666666666666666666666666666             
                66666666666666666666666 68888888888888866666666666666666666666666666666666      
                68888888888888866666666 68888888888888866666666668888888888888866666666666      
                68888888888888866666666 68888888888888866666666668888888888888866666666666      
                68888888888888866666666 68888888888888866666666668888888888888866666666666   !  
                68888888888888866666666 66666666666666666666666668888888888888866666666666     !
666666666666666668888888888888866666666666666666666666666666666668888888888888866666666666666666
688888888888888668888888888888866888888888888886688888888888888668888888888888866888888888888886
688888888888888668888888888888866888888888888886688888888888888668888888888888866888888888888886
688888888888888668888888888888866888888888888886688888888888888668888888888888866888888888888886
688888888888888666666666666666666888888888888886688888888888888666666666666666666888888888888886
688888888888888666666666666666666888888888888886688888888888888666666666666666666888888888888886
688888888888888668888888888888866888888888888886688888888888888668888888888888866888888888888886
688888888888888668888888888888866888888888888886688888888888888668888888888888866888888888888886
688888888888888668888888888888866888888888888886688888888888888668888888888888866888888888888886
666666666666666668888888888888866666666666666666666666666666666668888888888888866666666666666666
                6888888888888886666666666                       68888888888888866666666666  !  !
                6888888888888886666666666                       68888888888888866666666666!! !! 
                6888888888888886666666666                       68888888888888866666666666      
                6888888888888886666666666                       68888888888888866666666666!!    
                6666666666666666666666666                       66666666666666666666666666      
